<?xml version="1.0"?>
<opencv_storage>
<intrinsic type_id="opencv-matrix">
  <rows>3</rows>
  <cols>3</cols>
  <dt>d</dt>
  <data>
    5.1680750740128155e+02 0. 3.1793243466885400e+02 0.
    4.9695000098242622e+02 2.7109442281053703e+02 0. 0. 1.</data></intrinsic>
<distortion type_id="opencv-matrix">
  <rows>5</rows>
  <cols>1</cols>
  <dt>d</dt>
  <data>
    -3.1039492171018352e-04 1.7725296534054444e-01
    2.1338354482169377e-03 -4.3644996905058148e-03
    -4.2415819632116203e-01</data></distortion>
</opencv_storage>
