<?xml version="1.0"?>
<opencv_storage>
<intrinsic type_id="opencv-matrix">
  <rows>3</rows>
  <cols>3</cols>
  <dt>d</dt>
  <data>
    4.6845413855082393e+02 0. 3.2451068355505151e+02 0.
    4.5091804628069588e+02 2.8999802535428091e+02 0. 0. 1.</data></intrinsic>
<distortion type_id="opencv-matrix">
  <rows>5</rows>
  <cols>1</cols>
  <dt>d</dt>
  <data>
    -2.9809052225919449e-02 4.8411272478715694e-03
    -1.1600325381867754e-03 -5.3777481072631262e-03
    1.0155318798285235e-02</data></distortion>
</opencv_storage>
