%YAML:1.0
rotation: !!opencv-matrix
   rows: 3
   cols: 3
   dt: d
   data: [ 7.3546031801004774e-01, -6.7744098881272274e-01,
       1.3108291612560830e-02, -3.1696876818270159e-03,
       -2.2785751408425953e-02, -9.9973534628558236e-01,
       6.7756038381280748e-01, 7.3522412651462543e-01,
       -1.8905292334343266e-02 ]
translation: !!opencv-matrix
   rows: 3
   cols: 1
   dt: d
   data: [ -2.5540375467383282e-02, 1.0488125312013697e+01,
       4.6670467944845363e+01 ]
