<?xml version="1.0"?>
<opencv_storage>
<R type_id="opencv-matrix">
  <rows>3</rows>
  <cols>3</cols>
  <dt>d</dt>
  <data>
    9.9988796329718121e-01 6.3316100790475763e-03
    -1.3563611879648774e-02 -6.2708126287918777e-03
    9.9997012170572119e-01 4.5202438894186821e-03 1.3591827043831543e-02
    -4.4346825875304511e-03 9.9989779269081225e-01</data></R>
<T type_id="opencv-matrix">
  <rows>3</rows>
  <cols>1</cols>
  <dt>d</dt>
  <data>
    -2.0260042123483487e+01 -4.4182094893914103e-01
    -4.0578558662464923e+00</data></T>
<E type_id="opencv-matrix">
  <rows>3</rows>
  <cols>3</cols>
  <dt>d</dt>
  <data>
    -3.1451207734198044e-02 4.0596939601038464e+00
    -4.2343329342526476e-01 -3.7820302490115947e+00
    -1.1553961712969431e-01 2.0313010581127337e+01
    5.6881837678458136e-01 -2.0256639350009383e+01
    -9.7573019479749959e-02</data></E>
<F type_id="opencv-matrix">
  <rows>3</rows>
  <cols>3</cols>
  <dt>d</dt>
  <data>
    7.5376144071842918e-08 -9.7092922935357223e-06
    3.9374865025142728e-03 9.0444266853818868e-06 2.7573040505134945e-07
    -8.6210176096423827e-02 -4.4019196838222903e-03
    8.5298612387361195e-02 1.</data></F>
</opencv_storage>
