<?xml version="1.0"?>
<opencv_storage>
<intrinsic type_id="opencv-matrix">
  <rows>3</rows>
  <cols>3</cols>
  <dt>d</dt>
  <data>
    1.7168504227791500e+03 0. 3.0930698503340824e+02 0.
    1.7204126448787529e+03 2.2840692523012814e+02 0. 0. 1.</data></intrinsic>
<distortion type_id="opencv-matrix">
  <rows>5</rows>
  <cols>1</cols>
  <dt>d</dt>
  <data>
    -5.0562927921667522e-01 2.3456159588956199e-01
    4.9044485987248063e-03 2.3818481201060078e-03
    -2.3055030444658765e+01</data></distortion>
</opencv_storage>
