<?xml version="1.0"?>
<opencv_storage>
<intrinsic type_id="opencv-matrix">
  <rows>3</rows>
  <cols>3</cols>
  <dt>d</dt>
  <data>
    1.6947628238100813e+03 0. 3.3539175651837661e+02 0.
    1.6984371241975443e+03 2.2845913645967957e+02 0. 0. 1.</data></intrinsic>
<distortion type_id="opencv-matrix">
  <rows>1</rows>
  <cols>5</cols>
  <dt>d</dt>
  <data>
    -5.4780333746948706e-01 4.6137371408778094e+00
    2.6204976161600742e-03 2.2802210809140105e-03
    -7.0512157776704996e+01</data></distortion>
</opencv_storage>
