<?xml version="1.0"?>
<opencv_storage>
<intrinsic type_id="opencv-matrix">
  <rows>3</rows>
  <cols>3</cols>
  <dt>d</dt>
  <data>
    1.7157639842187059e+03 0. 3.0964273301068766e+02 0.
    1.7193324389567888e+03 2.2861237194534897e+02 0. 0. 1.</data></intrinsic>
<distortion type_id="opencv-matrix">
  <rows>1</rows>
  <cols>5</cols>
  <dt>d</dt>
  <data>
    -5.0283507913037195e-01 1.3912587818381469e-01
    4.8240492753026595e-03 2.3876928141553480e-03
    -2.2392772175577115e+01</data></distortion>
</opencv_storage>
