<?xml version="1.0"?>
<opencv_storage>
<intrinsic type_id="opencv-matrix">
  <rows>3</rows>
  <cols>3</cols>
  <dt>d</dt>
  <data>
    1.6950984832178488e+03 0. 3.3474225261544814e+02 0.
    1.6987728454831124e+03 2.2860661207870064e+02 0. 0. 1.</data></intrinsic>
<distortion type_id="opencv-matrix">
  <rows>5</rows>
  <cols>1</cols>
  <dt>d</dt>
  <data>
    -5.4765424092538073e-01 4.5546800891558545e+00
    2.5755815717719119e-03 2.3365344625809166e-03
    -6.8033541605298765e+01</data></distortion>
</opencv_storage>
