<?xml version="1.0"?>
<opencv_storage>
<R1 type_id="opencv-matrix">
  <rows>3</rows>
  <cols>3</cols>
  <dt>d</dt>
  <data>
    9.8272690927312412e-01 2.6713474248272445e-02 1.8312348861923641e-01
    -2.7193544762673397e-02 9.9963018107471258e-01
    1.1048881287545852e-04 -1.8305281454742289e-01
    -5.0883571144504447e-03 9.8308991232142273e-01</data></R1>
<R2 type_id="opencv-matrix">
  <rows>3</rows>
  <cols>3</cols>
  <dt>d</dt>
  <data>
    9.8030213116755605e-01 2.1377942612344564e-02 1.9634336046327300e-01
    -2.0862728185142666e-02 9.9977133889029302e-01
    -4.6921749949934187e-03 -1.9639877342035594e-01
    5.0349098710044250e-04 9.8052397640027422e-01</data></R2>
<P1 type_id="opencv-matrix">
  <rows>3</rows>
  <cols>4</cols>
  <dt>d</dt>
  <data>
    1.6468317201785237e+03 0. -7.3767386078834534e+00 0. 0.
    1.6468317201785237e+03 2.3267899322509766e+02 0. 0. 0. 1. 0.</data></P1>
<P2 type_id="opencv-matrix">
  <rows>3</rows>
  <cols>4</cols>
  <dt>d</dt>
  <data>
    1.6468317201785237e+03 0. -7.3767386078834534e+00
    -3.4035302954373386e+04 0. 1.6468317201785237e+03
    2.3267899322509766e+02 0. 0. 0. 1. 0.</data></P2>
<Q type_id="opencv-matrix">
  <rows>4</rows>
  <cols>4</cols>
  <dt>d</dt>
  <data>
    1. 0. 0. 7.3767386078834534e+00 0. 1. 0. -2.3267899322509766e+02 0.
    0. 0. 1.6468317201785237e+03 0. 0. 4.8385986820396826e-02 0.</data></Q>
</opencv_storage>
